80
-11.00 -7.00 -10.00 -8.00 -9.00 -8.00 -8.00 -7.00 -8.00 -6.00 
-9.00 -5.00 -10.00 -5.00 -11.00 -6.00 -3.00 -6.00 -2.00 -6.00 
3.00 -6.00 3.00 -7.00 4.00 -8.00 5.00 -8.00 6.00 -7.00 
6.00 -6.00 5.00 -5.00 4.00 -5.00 4.00 2.00 5.00 3.00 
-10.00 3.00 -9.00 2.00 -3.00 -4.00 -7.00 -4.00 -7.00 1.00 
-3.00 1.00 -3.00 2.00 -2.00 2.00 -2.00 1.00 2.00 1.00 
2.00 -4.00 -2.00 -4.00 -6.00 -3.00 -5.00 -3.00 -5.00 -0.00 
-6.00 -0.00 -4.00 -2.00 -4.00 -1.00 -1.00 -1.00 -1.00 -2.00 
0.00 -3.00 1.00 -3.00 1.00 -0.00 -0.00 -0.00 8.00 -4.00 
7.00 -3.00 10.00 -3.00 9.00 -4.00 7.00 -1.00 10.00 -1.00 
6.00 1.00 6.00 5.00 11.00 5.00 11.00 1.00 8.00 6.00 
9.00 6.00 9.00 9.00 8.00 8.00 -12.00 8.00 -13.00 9.00 
-13.00 -7.00 -12.00 -6.00 8.00 -6.00 9.00 -7.00 -8.00 8.00 
-7.00 9.00 -8.00 4.00 -7.00 5.00 3.00 4.00 2.00 5.00 
3.00 8.00 2.00 9.00 -3.00 5.00 -2.00 5.00 -2.00 6.00 
-3.00 6.00 -6.00 6.00 -6.00 9.00 1.00 9.00 1.00 6.00 
30
8 1 2 3 4 5 6 7 0 
8 11 12 13 14 15 16 17 10 
6 3 11 10 9 8 4 
4 6 5 21 20 
4 16 19 18 17 
4 8 9 31 22 
6 21 26 27 18 19 20 
4 25 28 27 26 
8 31 30 41 40 33 32 23 22 
4 30 29 42 41 
4 23 32 35 24 
4 33 40 39 36 
8 35 34 43 42 29 28 25 24 
4 33 36 37 34 
4 39 40 43 38 
4 37 38 43 34 
4 14 63 62 15 
4 63 47 44 62 
6 47 46 49 48 45 44 
8 49 53 52 55 54 51 50 48 
4 55 56 57 54 
4 60 0 7 61 
4 61 58 59 60 
4 58 64 65 59 
4 64 66 67 65 
6 66 68 69 73 72 67 
4 68 70 71 69 
4 70 57 56 71 
4 72 73 74 75 
6 74 79 78 77 76 75 
