0.71 -0.29 0.95 -0.05 0.99 -0.01 1.23 0.23
0.77 -0.23 1.28 0.28 -0.21 0.79 0.01 1.01
-0.19 0.81 0.21 1.21 -0.13 0.87 -0.19 0.81
1.20 0.20 1.25 0.25 0.96 -0.04 0.73 -0.27
0.78 -0.22 0.72 -0.28 0.29 1.29 0.22 1.22
0.12 1.12 -0.26 0.74 -0.19 0.81 -0.09 0.91
0.98 -0.02 0.97 -0.03 0.99 -0.01 0.93 -0.07
0.92 -0.08 0.89 -0.11 -0.06 0.94 0.15 1.15
-0.25 0.75 -0.27 0.73 0.19 1.19 0.19 1.19
0.87 -0.13 0.73 -0.27 1.18 0.18 1.09 0.09
0.85 -0.15 0.86 -0.14 -0.06 0.94 -0.10 0.90
0.00 1.00 0.11 1.11 0.24 1.24 0.07 1.07
1.16 0.16 0.87 -0.13 0.95 -0.05 1.25 0.25
1.25 0.25 1.18 0.18 0.22 1.22 -0.12 0.88
0.83 -0.17 1.29 0.29 0.15 1.15 -0.03 0.97
0.75 -0.25 0.71 -0.29 -0.29 0.71 -0.12 0.88
1.20 0.20 1.18 0.18 -0.02 0.98 0.02 1.02
0.71 -0.29 1.22 0.22 -0.12 0.88 0.02 1.02
0.02 1.02 -0.20 0.80 1.19 0.19 0.86 -0.14
1.09 0.09 1.25 0.25 -0.25 0.75 -0.23 0.77
0.99 -0.01 0.84 -0.16 0.01 1.01 -0.08 0.92
1.24 0.24 1.07 0.07 0.02 1.02 0.27 1.27
-0.19 0.81 0.25 1.25 0.85 -0.15 1.22 0.22
0.76 -0.24 1.00 0.00 0.15 1.15 0.16 1.16
1.29 0.29 0.93 -0.07 -0.07 0.93 0.04 1.04
0.29 1.29 0.26 1.26 0.79 -0.21 1.25 0.25
0.77 -0.23 0.95 -0.05 -0.17 0.83 0.23 1.23
0.89 -0.11 0.76 -0.24 -0.22 0.78 -0.14 0.86
-0.24 0.76 0.22 1.22 0.93 -0.07 1.11 0.11
0.76 -0.24 1.14 0.14 0.30 1.30 0.01 1.01
0.82 -0.18 1.24 0.24 -0.22 0.78 -0.28 0.72
1.24 0.24 0.85 -0.15 -0.18 0.82 -0.10 0.90
-0.27 0.73 -0.06 0.94 0.81 -0.19 1.22 0.22
0.97 -0.03 1.01 0.01 0.05 1.05 -0.04 0.96
0.26 1.26 -0.24 0.76 1.02 0.02 0.96 -0.04
1.29 0.29 1.16 0.16 0.17 1.17 0.26 1.26
1.03 0.03 1.00 0.00 0.26 1.26 -0.01 0.99
1.03 0.03 0.79 -0.21 0.22 1.22 -0.29 0.71
0.84 -0.16 1.10 0.10 0.23 1.23 -0.18 0.82
-0.04 0.96 0.05 1.05 1.00 0.00 1.01 0.01
0.87 -0.13 1.12 0.12 0.14 1.14 -0.03 0.97
-0.01 0.99 0.02 1.02 0.85 -0.15 1.00 0.00
0.76 -0.24 0.89 -0.11 0.25 1.25 -0.28 0.72
0.79 -0.21 0.91 -0.09 0.02 1.02 -0.12 0.88
-0.23 0.77 0.04 1.04 0.77 -0.23 1.19 0.19
1.13 0.13 0.93 -0.07 0.18 1.18 0.10 1.10
0.05 1.05 0.14 1.14 0.71 -0.29 1.05 0.05
1.16 0.16 1.17 0.17 0.25 1.25 0.10 1.10
1.14 0.14 0.93 -0.07 0.27 1.27 0.25 1.25
1.24 0.24 1.08 0.08 -0.15 0.85 0.14 1.14
1.16 0.16 1.06 0.06 -0.14 0.86 -0.19 0.81
-0.24 0.76 -0.28 0.72 0.70 -0.30 0.96 -0.04
1.06 0.06 0.91 -0.09 0.12 1.12 -0.11 0.89
-0.16 0.84 -0.17 0.83 0.80 -0.20 0.86 -0.14
1.04 0.04 1.30 0.30 0.28 1.28 0.24 1.24
1.03 0.03 0.88 -0.12 -0.18 0.82 0.09 1.09
0.29 1.29 -0.07 0.93 0.86 -0.14 1.06 0.06
0.70 -0.30 0.81 -0.19 -0.28 0.72 -0.08 0.92
0.16 1.16 -0.02 0.98 0.70 -0.30 1.20 0.20
0.77 -0.23 1.29 0.29 -0.17 0.83 -0.02 0.98
0.98 -0.02 0.82 -0.18 0.18 1.18 0.09 1.09
0.28 1.28 -0.28 0.72 1.11 0.11 0.84 -0.16
0.82 -0.18 1.14 0.14 0.20 1.20 -0.07 0.93
-0.10 0.90 -0.30 0.70 0.90 -0.10 1.13 0.13
1.08 0.08 0.92 -0.08 0.28 1.28 -0.13 0.87
0.29 1.29 -0.04 0.96 0.88 -0.12 0.78 -0.22
1.13 0.13 1.26 0.26 -0.26 0.74 -0.22 0.78
-0.24 0.76 0.27 1.27 1.20 0.20 1.27 0.27
1.08 0.08 0.76 -0.24 0.15 1.15 -0.09 0.91
1.28 0.28 1.03 0.03 0.16 1.16 0.06 1.06
0.19 1.19 -0.04 0.96 1.17 0.17 0.70 -0.30
0.73 -0.27 1.28 0.28 0.20 1.20 -0.27 0.73
0.12 1.12 -0.29 0.71 1.01 0.01 1.10 0.10
0.99 -0.01 0.83 -0.17 0.04 1.04 -0.26 0.74
1.18 0.18 1.05 0.05 -0.29 0.71 -0.26 0.74
0.10 1.10 -0.03 0.97 -0.26 0.74 0.17 1.17
1.17 0.17 0.84 -0.16 1.09 0.09 0.78 -0.22
0.96 -0.04 1.07 0.07 0.82 -0.18 0.72 -0.28
1.23 0.23 0.96 -0.04 1.09 0.09 1.19 0.19
1.16 0.16 0.78 -0.22 0.89 -0.11 0.89 -0.11
